<?xml version="1.0" encoding="UTF-8" standalone="no" ?>
<COLLADA xmlns="http://www.collada.org/2005/11/COLLADASchema" version="1.4.1">
    <asset>
        <contributor>
            <author>Elizabeth G.</author>
            <authoring_tool>SketchUp 17.0.1</authoring_tool>
        </contributor>
        <created>2020-01-16T17:58:02Z</created>
        <modified>2020-01-16T17:58:02Z</modified>
        <unit meter="0.0254" name="inch" />
        <up_axis>Z_UP</up_axis>
    </asset>
    <library_cameras>
        <camera id="ID1" name="skp_camera_Last_Saved_SketchUp_View">
            <optics>
                <technique_common>
                    <perspective>
                        <yfov>35</yfov>
                        <aspect_ratio>0</aspect_ratio>
                        <znear>1</znear>
                        <zfar>1000</zfar>
                    </perspective>
                </technique_common>
            </optics>
        </camera>
    </library_cameras>
    <library_visual_scenes>
        <visual_scene id="ID2">
            <node name="SketchUp">
                <node name="skp_camera_Last_Saved_SketchUp_View">
                    <matrix>-0.8762109 0.2293939 -0.4238313 -204.6941 -0.481928 -0.4170695 0.7705832 567.3413 5.551115e-17 0.8794495 0.4759922 514.6288 0 0 0 1</matrix>
                    <instance_camera url="#ID1" />
                </node>
                <node id="ID3" name="group_0">
                    <matrix>2 0 0 163.0798 0 2 0 92.19689 0 0 2 271.6892 0 0 0 1</matrix>
                    <node id="ID4" name="instance_0">
                        <matrix>0.7206433 0.6780405 -0.144687 3.146052 0.1525927 -0.358691 -0.9208997 7.517544 -0.6763052 0.641562 -0.3619523 9.977836 0 0 0 1</matrix>
                        <instance_node url="#ID5" />
                    </node>
                    <node id="ID66" name="instance_1">
                        <matrix>0.8137622 -0.02648974 -0.580594 3.381066 0.5802452 0.094206 0.8089751 18.22796 0.0332659 -0.9952002 0.09203182 21.51285 0 0 0 1</matrix>
                        <instance_node url="#ID5" />
                    </node>
                    <node id="ID67" name="instance_2">
                        <matrix>0.9750489 0.1887783 0.1168009 7.536528 -0.1145892 0.8786466 -0.4635186 4.795742 -0.190129 0.4385691 0.8783553 20.27951 0 0 0 1</matrix>
                        <instance_node url="#ID5" />
                    </node>
                    <node id="ID68" name="instance_3">
                        <matrix>0.8137622 0.5802452 0.0332659 4.965329 -0.02648974 0.094206 -0.9952002 4.710269 -0.580594 0.8089751 0.09203182 12.54736 0 0 0 1</matrix>
                        <instance_node url="#ID5" />
                    </node>
                    <node id="ID69" name="instance_4">
                        <matrix>0.7206433 0.1525927 -0.6763052 1.77404 0.6780405 -0.358691 0.641562 19.2242 -0.144687 -0.9208997 -0.3619523 17.74218 0 0 0 1</matrix>
                        <instance_node url="#ID5" />
                    </node>
                    <node id="ID70" name="instance_5">
                        <matrix>0.9068811 0.4011628 0.1289771 6.572355 -0.1242851 0.547103 -0.8277871 3.71402 -0.4026412 0.7346746 0.5460159 16.31803 0 0 0 1</matrix>
                        <instance_node url="#ID5" />
                    </node>
                    <node id="ID71" name="instance_6">
                        <matrix>0.6524755 0.6683446 -0.3571991 1.601998 0.3649771 -0.6902346 -0.6247943 11.38364 -0.6641291 0.2772934 -0.6942917 9.297962 0 0 0 1</matrix>
                        <instance_node url="#ID5" />
                    </node>
                    <node id="ID72" name="instance_7">
                        <matrix>0.9068811 -0.1242851 -0.4026412 5.200343 0.4011628 0.547103 0.7346746 15.42068 0.1289771 -0.8277871 0.5460159 24.08238 0 0 0 1</matrix>
                        <instance_node url="#ID5" />
                    </node>
                    <node id="ID73" name="instance_8">
                        <matrix>0.6524755 0.3649771 -0.6641291 0.8098668 0.6683446 -0.6902346 0.2772934 18.14248 -0.3571991 -0.6247943 -0.6942917 13.78071 0 0 0 1</matrix>
                        <instance_node url="#ID5" />
                    </node>
                    <node id="ID74" name="instance_9">
                        <matrix>0.6275244 0.5537555 -0.5473281 0.746895 0.5537555 -0.811588 -0.1862251 15.27264 -0.5473281 -0.1862251 -0.8159364 10.68991 0 0 0 1</matrix>
                        <instance_node url="#ID5" />
                    </node>
                    <node id="ID75" name="instance_10">
                        <matrix>0.9750489 -0.1145892 -0.190129 6.744397 0.1887783 0.8786466 0.4385691 11.55459 0.1168009 -0.4635186 0.8783553 24.76225 0 0 0 1</matrix>
                        <instance_node url="#ID5" />
                    </node>
                    <node id="ID76" name="instance_11">
                        <matrix>0.647049 0.3346923 0.6850611 12.55754 0.3140767 0.7017246 -0.6394829 2.887098 -0.6947542 0.6289385 0.3489311 16.27979 0 0 0 1</matrix>
                        <instance_node url="#ID5" />
                    </node>
                    <node id="ID77" name="instance_12">
                        <matrix>-0.4504855 -0.02683978 0.8923802 20.21416 0.5188575 0.8055449 0.2861543 9.394689 -0.7265326 0.5919265 -0.3489603 10.70855 0 0 0 1</matrix>
                        <instance_node url="#ID5" />
                    </node>
                    <node id="ID78" name="instance_13">
                        <matrix>-0.6654941 -0.5642412 0.4886199 17.80388 -0.5911174 0.7981209 0.1165477 10.83692 -0.4557388 -0.2112699 -0.8646775 10.33639 0 0 0 1</matrix>
                        <instance_node url="#ID5" />
                    </node>
                    <node id="ID79" name="instance_14">
                        <matrix>-0.3576006 0.3480925 0.8665757 17.45124 0.9122038 -0.06854404 0.4039628 14.62978 0.200015 0.934951 -0.2930199 5.86806 0 0 0 1</matrix>
                        <instance_node url="#ID5" />
                    </node>
                    <node id="ID80" name="instance_15">
                        <matrix>1 0 0 7.5995 0 1 0 7.665588 0 0 1 23.37031 0 0 0 1</matrix>
                        <instance_node url="#ID5" />
                    </node>
                    <node id="ID81" name="instance_16">
                        <matrix>-0.8667124 -0.1830657 0.4640006 18.9453 0.2066365 0.7148745 0.6680238 14.23015 -0.4539944 0.674864 -0.5817625 7.315029 0 0 0 1</matrix>
                        <instance_node url="#ID5" />
                    </node>
                    <node id="ID82" name="instance_17">
                        <matrix>0.197808 0.5315863 0.8235824 14.11507 0.9789066 -0.06330411 -0.1942537 9.225095 -0.05112644 0.8446352 -0.5328954 5.188548 0 0 0 1</matrix>
                        <instance_node url="#ID5" />
                    </node>
                    <node id="ID83" name="instance_18">
                        <matrix>-0.9936729 0.1116713 -0.01198466 13.44341 -0.05329116 -0.3748645 0.9255467 24.19958 0.09886441 0.9203294 0.3784438 12.07521 0 0 0 1</matrix>
                        <instance_node url="#ID5" />
                    </node>
                    <node id="ID84" name="instance_19">
                        <matrix>0.3384696 -0.2034925 0.9187106 17.39138 -0.2554132 0.9198141 0.2978358 10.99577 -0.9056503 -0.3354592 0.2593544 20.94942 0 0 0 1</matrix>
                        <instance_node url="#ID5" />
                    </node>
                    <node id="ID85" name="instance_20">
                        <matrix>0.6153359 0.6593519 0.4319916 8.575681 0.6847626 -0.1756576 -0.7072797 6.471025 -0.3904636 0.7310263 -0.559588 6.779975 0 0 0 1</matrix>
                        <instance_node url="#ID5" />
                    </node>
                    <node id="ID86" name="instance_21">
                        <matrix>-0.2340942 -0.4032172 0.8846557 19.29944 -0.4528779 0.850412 0.2677705 11.50873 -0.8602915 -0.3379575 -0.3816847 15.70018 0 0 0 1</matrix>
                        <instance_node url="#ID5" />
                    </node>
                    <node id="ID87" name="instance_22">
                        <matrix>0.1281739 0.1710815 0.9768841 17.77234 0.5599282 0.8005182 -0.213661 5.058625 -0.8185669 0.5743708 0.006812196 14.13547 0 0 0 1</matrix>
                        <instance_node url="#ID5" />
                    </node>
                    <node id="ID88" name="instance_23">
                        <matrix>-0.8189773 0.185489 0.5430193 17.19115 0.5125063 -0.1891894 0.8375826 20.42835 0.2580959 0.964262 0.05987758 8.534779 0 0 0 1</matrix>
                        <instance_node url="#ID5" />
                    </node>
                    <node id="ID89" name="instance_24">
                        <matrix>0.8155605 -0.04761197 0.5767098 12.86828 -0.0803343 0.9776436 0.1943179 9.510044 -0.5730685 -0.2048076 0.7935026 23.91463 0 0 0 1</matrix>
                        <instance_node url="#ID5" />
                    </node>
                </node>
                <node id="ID90" name="group_7">
                    <matrix>-0.3027516 -0.4007481 -0.2905893 155.3776 0.3604666 -0.3704703 0.2406355 137.2923 -0.2795739 -0.04369168 0.6249419 235.811 0 0 0 1</matrix>
                    <instance_geometry url="#ID97">
                        <bind_material>
                            <technique_common>
                                <instance_material symbol="Material2" target="#ID9">
                                    <bind_vertex_input semantic="UVSET0" input_semantic="TEXCOORD" input_set="0" />
                                </instance_material>
                                <instance_material symbol="Material3" target="#ID15">
                                    <bind_vertex_input semantic="UVSET0" input_semantic="TEXCOORD" input_set="0" />
                                </instance_material>
                                <instance_material symbol="Material4" target="#ID16">
                                    <bind_vertex_input semantic="UVSET0" input_semantic="TEXCOORD" input_set="0" />
                                </instance_material>
                            </technique_common>
                        </bind_material>
                    </instance_geometry>
                    <node id="ID91" name="instance_25">
                        <matrix>1.278539 -1.253858e-14 2.220446e-16 4.377563 1.040834e-16 1.278539 -2.220446e-16 10.54161 1.110223e-15 -3.219647e-15 0.9589041 0.5218711 0 0 0 1</matrix>
                        <instance_node url="#ID92" />
                    </node>
                </node>
                <node id="ID105" name="group_8">
                    <matrix>0.63 0 0 44.57106 0 1 0 71.79955 0 0 0.72 0 0 0 0 1</matrix>
                    <instance_geometry url="#ID106">
                        <bind_material>
                            <technique_common>
                                <instance_material symbol="Material2" target="#ID9">
                                    <bind_vertex_input semantic="UVSET0" input_semantic="TEXCOORD" input_set="0" />
                                </instance_material>
                                <instance_material symbol="Material3" target="#ID15">
                                    <bind_vertex_input semantic="UVSET0" input_semantic="TEXCOORD" input_set="0" />
                                </instance_material>
                                <instance_material symbol="Material4" target="#ID16">
                                    <bind_vertex_input semantic="UVSET0" input_semantic="TEXCOORD" input_set="0" />
                                </instance_material>
                            </technique_common>
                        </bind_material>
                    </instance_geometry>
                </node>
                <node id="ID114" name="group_9">
                    <matrix>0.3077168 -0.6172745 -0.3927851 162.6862 0.6819359 0.2520136 0.2456831 1.298288 -0.05266674 -0.343455 0.8862052 131.2332 0 0 0 1</matrix>
                    <instance_geometry url="#ID120">
                        <bind_material>
                            <technique_common>
                                <instance_material symbol="Material2" target="#ID9">
                                    <bind_vertex_input semantic="UVSET0" input_semantic="TEXCOORD" input_set="0" />
                                </instance_material>
                                <instance_material symbol="Material3" target="#ID15">
                                    <bind_vertex_input semantic="UVSET0" input_semantic="TEXCOORD" input_set="0" />
                                </instance_material>
                                <instance_material symbol="Material4" target="#ID16">
                                    <bind_vertex_input semantic="UVSET0" input_semantic="TEXCOORD" input_set="0" />
                                </instance_material>
                            </technique_common>
                        </bind_material>
                    </instance_geometry>
                    <node id="ID115" name="group_10">
                        <matrix>1.333333 -8.326673e-16 -5.551115e-17 1.884577 -6.938894e-18 1.333333 1.110223e-16 1.136868e-13 -4.163336e-17 5.551115e-17 1 0.4629119 0 0 0 1</matrix>
                        <instance_geometry url="#ID116">
                            <bind_material>
                                <technique_common>
                                    <instance_material symbol="Material2" target="#ID16">
                                        <bind_vertex_input semantic="UVSET0" input_semantic="TEXCOORD" input_set="0" />
                                    </instance_material>
                                </technique_common>
                            </bind_material>
                        </instance_geometry>
                    </node>
                </node>
                <node id="ID128" name="group_11">
                    <matrix>-0.09907072 0.09438711 -0.01749386 167.5996 0.1037909 0.09607624 -0.0105575 106.1916 0.01218399 -0.05095516 -0.05231109 322.1204 0 0 0 1</matrix>
                    <instance_geometry url="#ID129">
                        <bind_material>
                            <technique_common>
                                <instance_material symbol="Material2" target="#ID9">
                                    <bind_vertex_input semantic="UVSET0" input_semantic="TEXCOORD" input_set="0" />
                                </instance_material>
                                <instance_material symbol="Material3" target="#ID15">
                                    <bind_vertex_input semantic="UVSET0" input_semantic="TEXCOORD" input_set="0" />
                                </instance_material>
                                <instance_material symbol="Material4" target="#ID16">
                                    <bind_vertex_input semantic="UVSET0" input_semantic="TEXCOORD" input_set="0" />
                                </instance_material>
                            </technique_common>
                        </bind_material>
                    </instance_geometry>
                </node>
                <node id="ID137" name="group_12">
                    <matrix>0.3663946 -0.1873681 0.06875887 125.6485 -0.1652367 -0.3461062 -0.3681626 166.2841 -0.09277979 -0.1235313 0.9272155 288.0966 0 0 0 1</matrix>
                    <instance_geometry url="#ID144">
                        <bind_material>
                            <technique_common>
                                <instance_material symbol="Material2" target="#ID9">
                                    <bind_vertex_input semantic="UVSET0" input_semantic="TEXCOORD" input_set="0" />
                                </instance_material>
                                <instance_material symbol="Material3" target="#ID15">
                                    <bind_vertex_input semantic="UVSET0" input_semantic="TEXCOORD" input_set="0" />
                                </instance_material>
                                <instance_material symbol="Material4" target="#ID16">
                                    <bind_vertex_input semantic="UVSET0" input_semantic="TEXCOORD" input_set="0" />
                                </instance_material>
                            </technique_common>
                        </bind_material>
                    </instance_geometry>
                    <node id="ID138" name="instance_26">
                        <matrix>1.333333 1.526557e-16 -1.110223e-16 1.505026 -7.84095e-15 1.333333 -3.885781e-16 1.103991 1.346145e-15 -3.524958e-15 0.55 -1.305247 0 0 0 1</matrix>
                        <instance_node url="#ID139" />
                    </node>
                </node>
                <node id="ID152" name="group_13">
                    <matrix>0.1147513 0.2452974 0.05390378 85.75751 -0.1865256 0.1509079 -0.08761934 74.97326 -0.187041 2.791586e-17 0.1204483 306.2822 0 0 0 1</matrix>
                    <instance_geometry url="#ID153">
                        <bind_material>
                            <technique_common>
                                <instance_material symbol="Material2" target="#ID9">
                                    <bind_vertex_input semantic="UVSET0" input_semantic="TEXCOORD" input_set="0" />
                                </instance_material>
                                <instance_material symbol="Material3" target="#ID15">
                                    <bind_vertex_input semantic="UVSET0" input_semantic="TEXCOORD" input_set="0" />
                                </instance_material>
                                <instance_material symbol="Material4" target="#ID16">
                                    <bind_vertex_input semantic="UVSET0" input_semantic="TEXCOORD" input_set="0" />
                                </instance_material>
                            </technique_common>
                        </bind_material>
                    </instance_geometry>
                </node>
                <node id="ID161" name="group_14">
                    <matrix>0.3077168 -0.6485748 -0.2895548 175.6708 0.6819359 0.272591 0.2029015 -3.540403 -0.05266674 -0.259894 0.9354085 219.2623 0 0 0 1</matrix>
                    <instance_geometry url="#ID163">
                        <bind_material>
                            <technique_common>
                                <instance_material symbol="Material2" target="#ID9">
                                    <bind_vertex_input semantic="UVSET0" input_semantic="TEXCOORD" input_set="0" />
                                </instance_material>
                                <instance_material symbol="Material3" target="#ID15">
                                    <bind_vertex_input semantic="UVSET0" input_semantic="TEXCOORD" input_set="0" />
                                </instance_material>
                                <instance_material symbol="Material4" target="#ID16">
                                    <bind_vertex_input semantic="UVSET0" input_semantic="TEXCOORD" input_set="0" />
                                </instance_material>
                            </technique_common>
                        </bind_material>
                    </instance_geometry>
                    <node id="ID162" name="instance_27">
                        <matrix>1.253333 -4.163336e-16 2.775558e-17 6.9008 -2.775558e-17 1.253333 0 10.75241 2.844947e-16 -2.220446e-16 0.94 2.361041 0 0 0 1</matrix>
                        <instance_node url="#ID92" />
                    </node>
                </node>
                <node id="ID171" name="group_15">
                    <matrix>-0.007193159 0.7840306 -1.631363 129.3011 -1.108551 1.287692 0.6237508 27.96251 1.430791 1.001622 0.4750691 306.9778 0 0 0 1</matrix>
                    <node id="ID172" name="instance_28">
                        <matrix>0.7206433 0.6780405 -0.144687 3.146052 0.1525927 -0.358691 -0.9208997 7.517544 -0.6763052 0.641562 -0.3619523 9.977836 0 0 0 1</matrix>
                        <instance_node url="#ID5" />
                    </node>
                    <node id="ID173" name="instance_29">
                        <matrix>0.8137622 -0.02648974 -0.580594 3.381066 0.5802452 0.094206 0.8089751 18.22796 0.0332659 -0.9952002 0.09203182 21.51285 0 0 0 1</matrix>
                        <instance_node url="#ID5" />
                    </node>
                    <node id="ID174" name="instance_30">
                        <matrix>0.9750489 0.1887783 0.1168009 7.536528 -0.1145892 0.8786466 -0.4635186 4.795742 -0.190129 0.4385691 0.8783553 20.27951 0 0 0 1</matrix>
                        <instance_node url="#ID5" />
                    </node>
                    <node id="ID175" name="instance_31">
                        <matrix>0.8137622 0.5802452 0.0332659 4.965329 -0.02648974 0.094206 -0.9952002 4.710269 -0.580594 0.8089751 0.09203182 12.54736 0 0 0 1</matrix>
                        <instance_node url="#ID5" />
                    </node>
                    <node id="ID176" name="instance_32">
                        <matrix>0.7206433 0.1525927 -0.6763052 1.77404 0.6780405 -0.358691 0.641562 19.2242 -0.144687 -0.9208997 -0.3619523 17.74218 0 0 0 1</matrix>
                        <instance_node url="#ID5" />
                    </node>
                    <node id="ID177" name="instance_33">
                        <matrix>0.9068811 0.4011628 0.1289771 6.572355 -0.1242851 0.547103 -0.8277871 3.71402 -0.4026412 0.7346746 0.5460159 16.31803 0 0 0 1</matrix>
                        <instance_node url="#ID5" />
                    </node>
                    <node id="ID178" name="instance_34">
                        <matrix>0.6524755 0.6683446 -0.3571991 1.601998 0.3649771 -0.6902346 -0.6247943 11.38364 -0.6641291 0.2772934 -0.6942917 9.297962 0 0 0 1</matrix>
                        <instance_node url="#ID5" />
                    </node>
                    <node id="ID179" name="instance_35">
                        <matrix>0.9068811 -0.1242851 -0.4026412 5.200343 0.4011628 0.547103 0.7346746 15.42068 0.1289771 -0.8277871 0.5460159 24.08238 0 0 0 1</matrix>
                        <instance_node url="#ID5" />
                    </node>
                    <node id="ID180" name="instance_36">
                        <matrix>0.6524755 0.3649771 -0.6641291 0.8098668 0.6683446 -0.6902346 0.2772934 18.14248 -0.3571991 -0.6247943 -0.6942917 13.78071 0 0 0 1</matrix>
                        <instance_node url="#ID5" />
                    </node>
                    <node id="ID181" name="instance_37">
                        <matrix>0.6275244 0.5537555 -0.5473281 0.746895 0.5537555 -0.811588 -0.1862251 15.27264 -0.5473281 -0.1862251 -0.8159364 10.68991 0 0 0 1</matrix>
                        <instance_node url="#ID5" />
                    </node>
                    <node id="ID182" name="instance_38">
                        <matrix>0.9750489 -0.1145892 -0.190129 6.744397 0.1887783 0.8786466 0.4385691 11.55459 0.1168009 -0.4635186 0.8783553 24.76225 0 0 0 1</matrix>
                        <instance_node url="#ID5" />
                    </node>
                    <node id="ID183" name="instance_39">
                        <matrix>0.647049 0.3346923 0.6850611 12.55754 0.3140767 0.7017246 -0.6394829 2.887098 -0.6947542 0.6289385 0.3489311 16.27979 0 0 0 1</matrix>
                        <instance_node url="#ID5" />
                    </node>
                    <node id="ID184" name="instance_40">
                        <matrix>-0.4504855 -0.02683978 0.8923802 20.21416 0.5188575 0.8055449 0.2861543 9.394689 -0.7265326 0.5919265 -0.3489603 10.70855 0 0 0 1</matrix>
                        <instance_node url="#ID5" />
                    </node>
                    <node id="ID185" name="instance_41">
                        <matrix>-0.6654941 -0.5642412 0.4886199 17.80388 -0.5911174 0.7981209 0.1165477 10.83692 -0.4557388 -0.2112699 -0.8646775 10.33639 0 0 0 1</matrix>
                        <instance_node url="#ID5" />
                    </node>
                    <node id="ID186" name="instance_42">
                        <matrix>-0.3576006 0.3480925 0.8665757 17.45124 0.9122038 -0.06854404 0.4039628 14.62978 0.200015 0.934951 -0.2930199 5.86806 0 0 0 1</matrix>
                        <instance_node url="#ID5" />
                    </node>
                    <node id="ID187" name="instance_43">
                        <matrix>1 0 0 7.5995 0 1 0 7.665588 0 0 1 23.37031 0 0 0 1</matrix>
                        <instance_node url="#ID5" />
                    </node>
                    <node id="ID188" name="instance_44">
                        <matrix>-0.8667124 -0.1830657 0.4640006 18.9453 0.2066365 0.7148745 0.6680238 14.23015 -0.4539944 0.674864 -0.5817625 7.315029 0 0 0 1</matrix>
                        <instance_node url="#ID5" />
                    </node>
                    <node id="ID189" name="instance_45">
                        <matrix>0.197808 0.5315863 0.8235824 14.11507 0.9789066 -0.06330411 -0.1942537 9.225095 -0.05112644 0.8446352 -0.5328954 5.188548 0 0 0 1</matrix>
                        <instance_node url="#ID5" />
                    </node>
                    <node id="ID190" name="instance_46">
                        <matrix>-0.9936729 0.1116713 -0.01198466 13.44341 -0.05329116 -0.3748645 0.9255467 24.19958 0.09886441 0.9203294 0.3784438 12.07521 0 0 0 1</matrix>
                        <instance_node url="#ID5" />
                    </node>
                    <node id="ID191" name="instance_47">
                        <matrix>0.3384696 -0.2034925 0.9187106 17.39138 -0.2554132 0.9198141 0.2978358 10.99577 -0.9056503 -0.3354592 0.2593544 20.94942 0 0 0 1</matrix>
                        <instance_node url="#ID5" />
                    </node>
                    <node id="ID192" name="instance_48">
                        <matrix>0.6153359 0.6593519 0.4319916 8.575681 0.6847626 -0.1756576 -0.7072797 6.471025 -0.3904636 0.7310263 -0.559588 6.779975 0 0 0 1</matrix>
                        <instance_node url="#ID5" />
                    </node>
                    <node id="ID193" name="instance_49">
                        <matrix>-0.2340942 -0.4032172 0.8846557 19.29944 -0.4528779 0.850412 0.2677705 11.50873 -0.8602915 -0.3379575 -0.3816847 15.70018 0 0 0 1</matrix>
                        <instance_node url="#ID5" />
                    </node>
                    <node id="ID194" name="instance_50">
                        <matrix>0.1281739 0.1710815 0.9768841 17.77234 0.5599282 0.8005182 -0.213661 5.058625 -0.8185669 0.5743708 0.006812196 14.13547 0 0 0 1</matrix>
                        <instance_node url="#ID5" />
                    </node>
                    <node id="ID195" name="instance_51">
                        <matrix>-0.8189773 0.185489 0.5430193 17.19115 0.5125063 -0.1891894 0.8375826 20.42835 0.2580959 0.964262 0.05987758 8.534779 0 0 0 1</matrix>
                        <instance_node url="#ID5" />
                    </node>
                    <node id="ID196" name="instance_52">
                        <matrix>0.8155605 -0.04761197 0.5767098 12.86828 -0.0803343 0.9776436 0.1943179 9.510044 -0.5730685 -0.2048076 0.7935026 23.91463 0 0 0 1</matrix>
                        <instance_node url="#ID5" />
                    </node>
                </node>
                <node id="ID197" name="group_16">
                    <matrix>0.03617547 -0.04580687 0.07240195 153.7214 0.01406877 0.1365069 0.02399883 109.052 -0.1386701 0.001899461 0.02132261 300.7116 0 0 0 1</matrix>
                    <instance_geometry url="#ID198">
                        <bind_material>
                            <technique_common>
                                <instance_material symbol="Material2" target="#ID9">
                                    <bind_vertex_input semantic="UVSET0" input_semantic="TEXCOORD" input_set="0" />
                                </instance_material>
                                <instance_material symbol="Material3" target="#ID15">
                                    <bind_vertex_input semantic="UVSET0" input_semantic="TEXCOORD" input_set="0" />
                                </instance_material>
                                <instance_material symbol="Material4" target="#ID16">
                                    <bind_vertex_input semantic="UVSET0" input_semantic="TEXCOORD" input_set="0" />
                                </instance_material>
                            </technique_common>
                        </bind_material>
                    </instance_geometry>
                </node>
                <node id="ID206" name="group_17">
                    <matrix>-0.4120509 -0.008361784 0.04201754 64.60948 0.005988057 0.2973671 0.6928975 17.24445 0.01828849 -0.2857606 0.7198108 120.6715 0 0 0 1</matrix>
                    <instance_geometry url="#ID212">
                        <bind_material>
                            <technique_common>
                                <instance_material symbol="Material2" target="#ID9">
                                    <bind_vertex_input semantic="UVSET0" input_semantic="TEXCOORD" input_set="0" />
                                </instance_material>
                                <instance_material symbol="Material3" target="#ID15">
                                    <bind_vertex_input semantic="UVSET0" input_semantic="TEXCOORD" input_set="0" />
                                </instance_material>
                                <instance_material symbol="Material4" target="#ID16">
                                    <bind_vertex_input semantic="UVSET0" input_semantic="TEXCOORD" input_set="0" />
                                </instance_material>
                            </technique_common>
                        </bind_material>
                    </instance_geometry>
                    <node id="ID207" name="group_18">
                        <matrix>1.212121 -3.469447e-17 -6.938894e-18 3.880986 1.144917e-15 1.212121 3.330669e-16 14.8304 5.377643e-16 -2.359224e-15 0.5 -0.0121866 0 0 0 1</matrix>
                        <instance_geometry url="#ID208">
                            <bind_material>
                                <technique_common>
                                    <instance_material symbol="Material2" target="#ID16">
                                        <bind_vertex_input semantic="UVSET0" input_semantic="TEXCOORD" input_set="0" />
                                    </instance_material>
                                </technique_common>
                            </bind_material>
                        </instance_geometry>
                    </node>
                </node>
                <node id="ID220" name="group_19">
                    <matrix>0.2061791 -0.09708343 0.1760936 65.25861 0.07382282 0.2711435 0.06305065 76.20448 -0.187041 0 0.2189969 220.054 0 0 0 1</matrix>
                    <instance_geometry url="#ID221">
                        <bind_material>
                            <technique_common>
                                <instance_material symbol="Material2" target="#ID9">
                                    <bind_vertex_input semantic="UVSET0" input_semantic="TEXCOORD" input_set="0" />
                                </instance_material>
                                <instance_material symbol="Material3" target="#ID15">
                                    <bind_vertex_input semantic="UVSET0" input_semantic="TEXCOORD" input_set="0" />
                                </instance_material>
                                <instance_material symbol="Material4" target="#ID16">
                                    <bind_vertex_input semantic="UVSET0" input_semantic="TEXCOORD" input_set="0" />
                                </instance_material>
                            </technique_common>
                        </bind_material>
                    </instance_geometry>
                </node>
                <node id="ID229" name="group_20">
                    <matrix>-0.4120509 -0.008361784 0.04201754 117.3525 0.005988057 0.2973671 0.6928975 30.03314 0.01828849 -0.2857606 0.7198108 316.4309 0 0 0 1</matrix>
                    <instance_geometry url="#ID231">
                        <bind_material>
                            <technique_common>
                                <instance_material symbol="Material2" target="#ID9">
                                    <bind_vertex_input semantic="UVSET0" input_semantic="TEXCOORD" input_set="0" />
                                </instance_material>
                                <instance_material symbol="Material3" target="#ID15">
                                    <bind_vertex_input semantic="UVSET0" input_semantic="TEXCOORD" input_set="0" />
                                </instance_material>
                                <instance_material symbol="Material4" target="#ID16">
                                    <bind_vertex_input semantic="UVSET0" input_semantic="TEXCOORD" input_set="0" />
                                </instance_material>
                            </technique_common>
                        </bind_material>
                    </instance_geometry>
                    <node id="ID230" name="instance_53">
                        <matrix>1.212121 6.938894e-18 -6.938894e-18 4.743763 1.158795e-15 1.212121 4.440892e-16 13.47908 5.308254e-16 -1.915135e-15 0.5 -0.1767881 0 0 0 1</matrix>
                        <instance_node url="#ID139" />
                    </node>
                </node>
                <node id="ID239" name="group_21">
                    <matrix>-0.4097859 -0.04644454 0.02094635 102.5863 -0.0435578 0.4006669 0.213071 -3.247151 0.01828849 -0.08640113 0.9768122 296.0839 0 0 0 1</matrix>
                    <instance_geometry url="#ID241">
                        <bind_material>
                            <technique_common>
                                <instance_material symbol="Material2" target="#ID9">
                                    <bind_vertex_input semantic="UVSET0" input_semantic="TEXCOORD" input_set="0" />
                                </instance_material>
                                <instance_material symbol="Material3" target="#ID15">
                                    <bind_vertex_input semantic="UVSET0" input_semantic="TEXCOORD" input_set="0" />
                                </instance_material>
                                <instance_material symbol="Material4" target="#ID16">
                                    <bind_vertex_input semantic="UVSET0" input_semantic="TEXCOORD" input_set="0" />
                                </instance_material>
                            </technique_common>
                        </bind_material>
                    </instance_geometry>
                    <node id="ID240" name="instance_54">
                        <matrix>1.212121 1.12757e-16 -3.469447e-17 3.014518 1.791969e-15 1.212121 1.110223e-16 7.700639 5.793976e-16 -1.44329e-15 0.5 -0.2788472 0 0 0 1</matrix>
                        <instance_node url="#ID139" />
                    </node>
                </node>
                <node id="ID249" name="group_22">
                    <matrix>0.917652 -0.5105689 -1.336875 182.8345 -0.4702318 1.392356 -0.8545325 104.6556 1.35159 0.8310615 0.6103605 285.7825 0 0 0 1</matrix>
                    <node id="ID250" name="instance_55">
                        <matrix>0.7206433 0.6780405 -0.144687 3.146052 0.1525927 -0.358691 -0.9208997 7.517544 -0.6763052 0.641562 -0.3619523 9.977836 0 0 0 1</matrix>
                        <instance_node url="#ID5" />
                    </node>
                    <node id="ID251" name="instance_56">
                        <matrix>0.8137622 -0.02648974 -0.580594 3.381066 0.5802452 0.094206 0.8089751 18.22796 0.0332659 -0.9952002 0.09203182 21.51285 0 0 0 1</matrix>
                        <instance_node url="#ID5" />
                    </node>
                    <node id="ID252" name="instance_57">
                        <matrix>0.9750489 0.1887783 0.1168009 7.536528 -0.1145892 0.8786466 -0.4635186 4.795742 -0.190129 0.4385691 0.8783553 20.27951 0 0 0 1</matrix>
                        <instance_node url="#ID5" />
                    </node>
                    <node id="ID253" name="instance_58">
                        <matrix>0.8137622 0.5802452 0.0332659 4.965329 -0.02648974 0.094206 -0.9952002 4.710269 -0.580594 0.8089751 0.09203182 12.54736 0 0 0 1</matrix>
                        <instance_node url="#ID5" />
                    </node>
                    <node id="ID254" name="instance_59">
                        <matrix>0.7206433 0.1525927 -0.6763052 1.77404 0.6780405 -0.358691 0.641562 19.2242 -0.144687 -0.9208997 -0.3619523 17.74218 0 0 0 1</matrix>
                        <instance_node url="#ID5" />
                    </node>
                    <node id="ID255" name="instance_60">
                        <matrix>0.9068811 0.4011628 0.1289771 6.572355 -0.1242851 0.547103 -0.8277871 3.71402 -0.4026412 0.7346746 0.5460159 16.31803 0 0 0 1</matrix>
                        <instance_node url="#ID5" />
                    </node>
                    <node id="ID256" name="instance_61">
                        <matrix>0.6524755 0.6683446 -0.3571991 1.601998 0.3649771 -0.6902346 -0.6247943 11.38364 -0.6641291 0.2772934 -0.6942917 9.297962 0 0 0 1</matrix>
                        <instance_node url="#ID5" />
                    </node>
                    <node id="ID257" name="instance_62">
                        <matrix>0.9068811 -0.1242851 -0.4026412 5.200343 0.4011628 0.547103 0.7346746 15.42068 0.1289771 -0.8277871 0.5460159 24.08238 0 0 0 1</matrix>
                        <instance_node url="#ID5" />
                    </node>
                    <node id="ID258" name="instance_63">
                        <matrix>0.6524755 0.3649771 -0.6641291 0.8098668 0.6683446 -0.6902346 0.2772934 18.14248 -0.3571991 -0.6247943 -0.6942917 13.78071 0 0 0 1</matrix>
                        <instance_node url="#ID5" />
                    </node>
                    <node id="ID259" name="instance_64">
                        <matrix>0.6275244 0.5537555 -0.5473281 0.746895 0.5537555 -0.811588 -0.1862251 15.27264 -0.5473281 -0.1862251 -0.8159364 10.68991 0 0 0 1</matrix>
                        <instance_node url="#ID5" />
                    </node>
                    <node id="ID260" name="instance_65">
                        <matrix>0.9750489 -0.1145892 -0.190129 6.744397 0.1887783 0.8786466 0.4385691 11.55459 0.1168009 -0.4635186 0.8783553 24.76225 0 0 0 1</matrix>
                        <instance_node url="#ID5" />
                    </node>
                    <node id="ID261" name="instance_66">
                        <matrix>0.647049 0.3346923 0.6850611 12.55754 0.3140767 0.7017246 -0.6394829 2.887098 -0.6947542 0.6289385 0.3489311 16.27979 0 0 0 1</matrix>
                        <instance_node url="#ID5" />
                    </node>
                    <node id="ID262" name="instance_67">
                        <matrix>-0.4504855 -0.02683978 0.8923802 20.21416 0.5188575 0.8055449 0.2861543 9.394689 -0.7265326 0.5919265 -0.3489603 10.70855 0 0 0 1</matrix>
                        <instance_node url="#ID5" />
                    </node>
                    <node id="ID263" name="instance_68">
                        <matrix>-0.6654941 -0.5642412 0.4886199 17.80388 -0.5911174 0.7981209 0.1165477 10.83692 -0.4557388 -0.2112699 -0.8646775 10.33639 0 0 0 1</matrix>
                        <instance_node url="#ID5" />
                    </node>
                    <node id="ID264" name="instance_69">
